19.628763
860.88635
25.352716
892.672
642.3192
145.25676
648.8836
909.1239
802.40576
822.87494
891.1472
205.98662
477.81033
215.6852
45.776188
619.3127
86.10666
129.73106
221.30519
790.024
948.60596
678.5418
235.15695
874.8062
218.02443
736.0214
648.2041
354.44348
443.0138
177.19984
431.73218
710.6384
329.24826
602.2935
52.083313
843.2066
959.3447
626.6602
438.3424
813.11456
168.52676
512.82355
601.1406
290.46417
833.6754
793.23975
553.9754
226.03195
153.68784
2.002716
609.13617
488.95163
167.22888
190.26947
551.6257
12.53283
651.5417
220.03633
238.50345
812.78784
919.702
488.8894
870.98706
667.26337
523.0952
57.73139
264.6782
747.19135
753.9188
635.66895
934.7954
463.50305
988.69885
664.733
57.960747
630.39453
965.7048
397.6096
246.38582
622.2136
755.41785
94.45614
592.27673
426.2774
643.455
176.79793
879.06354
407.3785
820.89984
877.97516
496.52518
973.95935
674.95374
181.20224
682.3793
825.2237
327.15463
799.8678
497.44095
361.38342
850.72754
256.21857
156.46881
383.33923
614.70386
145.64449
166.8852
11.534452
330.1511
841.6303
60.368954
75.289246
321.2002
873.922
178.70015
213.03082
96.67736
188.0449
39.12902
870.5246
571.2984
422.11264
753.0148
969.1465
970.94995
186.59622
4.7341585
560.70416
75.07032
339.751
369.20978
501.22922
599.18524
166.68188
612.302
483.85583
660.2486
825.02875
201.02579
3.4936666
25.732458
388.1766
683.72015
687.8476
676.17914
108.35737
671.9451
738.2978
138.93658
880.8488
330.36954
382.8284
869.9508
482.05804
617.338
586.45557
416.06796
129.01205
710.1824
888.3184
735.6481
589.0963
798.72736
935.70844
739.2949
96.701324
369.18802
941.4616
627.8165
626.76434
802.4472
365.745
69.31746
935.41846
258.22455
812.98517
232.5002
975.2428
505.80002
829.1044
483.85352
730.5543
860.3057
75.28818
16.535341
229.3164
425.81027
657.9372
176.95683
1.3859868
